         76          140
         27           91
         27           91
         27           91
         -2           62
         -2           62
         -3           61
         -3           61
         -4           60
         -4           60
         -4           60
         -4           60
         -7           57
         -7           57
        -10           54
        -10           54
        -12           52
        -12           52
        -16           48
        -16           48
        -18           46
        -18           46
        -31           33
        -31           33
        -33           31
        -33           31
        -36           28
        -36           28
        -37           27
        -37           27
        -38           26
        -38           26
        -40           24
        -40           24
        -41           23
        -41           23
        -43           21
        -43           21
        -44           20
        -44           20
        -48           16
        -48           16
        -49           15
        -49           15
        -50           14
        -50           14
        -51           13
        -51           13
        -52           12
        -52           12
        -53           11
        -53           11
        -54           10
        -54           10
        -55            9
        -55            9
        -56            8
         17           81
         17           81
        -56            8
        -56            8
        -56            8
        -55            9
        -55            9
        -54           10
        -54           10
        -52           12
        -52           12
        -49           15
        232          296
        232          296
        260          324
        260          324
        261          325
        261          325
        262          326
        262          326
        263          327
        255          319
        255          319
        264          328
        264          328
        267          331
        267          331
        268          332
        268          332
        269          333
        269          333
        270          334
        270          334
        271          335
        271          335
        271          335
        269          333
        269          333
        268          332
        268          332
        264          328
        264          328
        256          320
        256          320
        249          313
        249          313
        242          306
        242          306
        236          300
        236          300
        233          297
        233          297
        227          291
        227          291
        224          288
        224          288
        215          279
        215          279
        203          267
        203          267
        200          264
        200          264
        192          256
        192          256
        184          248
        184          248
        180          244
        180          244
        176          240
        176          240
        173          237
        173          237
        168          232
        168          232
        159          223
        159          223
        154          218
        154          218
        145          209
        145          209
        141          205
        141          205
        134          198
        134          198
        128          192
